32,3
32,2
32,1
32,0
31,3
31,2
31,1
31,0
0,391
0,390
0,389
0,388
0,387
0,386
30,3
30,2
30,1
30,0
0,385
0,384
0,319
29,3
29,2
29,1
29,0
28,3
28,2
28,1
28,0
26,52
26,51
26,50
26,49
26,48
26,47
26,46
26,45
26,44
26,43
26,42
26,41
26,40
26,39
26,38
26,37
26,36
27,3
27,2
0,318
27,1
27,0
26,35
3,2
10,151
10,182
10,65
10,10
10,66
10,2
10,3
11,21
11,20
11,5
11,6
11,4
11,15
11,11
11,2
11,3
9,6
9,4
9,2
9,3
8,8
8,5
8,7
8,11
8,10
8,2
8,3
12,2
12,1
12,3
20,2
20,1
20,3
19,2
19,1
19,3
24,3
24,2
24,1
24,0
11,30
11,29
11,28
11,27
11,26
11,25
11,24
11,23
11,1
11,22
10,314
10,313
10,312
10,311
10,310
10,309
10,308
10,307
10,306
10,305
10,304
10,303
10,302
10,301
10,300
